src/SBPT/SERVUS/IGP/SCN/EGNOS-SIS-GEO123-JAN19/INP/ION/igsg0140.19i
     1.0            IONOSPHERE MAPS     MIX                 IONEX VERSION / TYPE
cmpcmb v1.2          GRL/UWM             1-feb-19 09:08     PGM / RUN BY / DATE 
ionex file containing IGS COMBINED Ionosphere maps          COMMENT             
global ionosphere maps for day 014, 2019                    DESCRIPTION         
IONEX file containing the COMBINED IGS TEC MAPS and DCBs    DESCRIPTION         
      IONEX files of the following IAACs were combined: cod DESCRIPTION         
                                                        jpl DESCRIPTION         
Contact address: Andrzej Krankowski                         DESCRIPTION
                 Geodynamics Research Laboratory            DESCRIPTION
                 University of Warmia and Mazury (GRL/UWM)  DESCRIPTION
                 Oczapowski St. 1                           DESCRIPTION
                 10-957-Olsztyn, POLAND                     DESCRIPTION
                 e-mail:  kand@uwm.edu.pl                   DESCRIPTION
                                                            DESCRIPTION         
  2019     1    14     0     0     0                        EPOCH OF FIRST MAP  
  2019     1    15     0     0     0                        EPOCH OF LAST MAP   
  7200                                                      INTERVAL            
    13                                                      # OF MAPS IN FILE   
  COSZ                                                      MAPPING FUNCTION    
     0.0                                                    ELEVATION CUTOFF    
combined TEC calculated as weighted mean of input TEC valuesOBSERVABLES USED    
   322                                                      # OF STATIONS       
    32                                                      # OF SATELLITES     
  6371.0                                                    BASE RADIUS         
     2                                                      MAP DIMENSION       
   450.0 450.0   0.0                                        HGT1 / HGT2 / DHGT  
    87.5 -87.5  -2.5                                        LAT1 / LAT2 / DLAT  
  -180.0 180.0   5.0                                        LON1 / LON2 / DLON  
    -1                                                      EXPONENT            
TEC values in 0.1 tec units;  9999, if no value available   COMMENT             
DCB values in nanoseconds, reference is Sum_of_SatDCBs = 0  COMMENT             
                                                            END OF HEADER       
[from data line 3861]
    10                                                      START OF TEC MAP    
  2019     1    14    18     0     0                        EPOCH OF CURRENT MAP
    87.5-180.0 180.0   5.0 450.0                            LAT/LON1/LON2/DLON/H
   16   16   16   16   16   16   16   17   17   17   17   17   18   18   18   19
   19   20   20   21   21   22   22   23   23   23   24   24   25   25   25   25
   25   26   26   26   26   26   26   26   26   26   26   26   25   25   25   25
   24   24   24   23   23   22   22   22   21   21   20   20   20   19   19   18
   18   18   17   17   17   17   16   16   16
    85.0-180.0 180.0   5.0 450.0                            LAT/LON1/LON2/DLON/H
   15   14   14   14   14   14   14   15   15   16   16   17   17   18   19   20
   21   21   22   23   23   24   25   26   27   27   28   28   29   29   30   31
   31   32   32   33   33   33   33   33   33   32   32   32   31   31   30   30
   29   28   28   27   27   26   25   24   24   23   22   22   21   20   20   19
   18   18   17   17   16   16   16   15   15
    82.5-180.0 180.0   5.0 450.0                            LAT/LON1/LON2/DLON/H
   15   15   15   14   14   14   14   14   15   16   16   17   18   19   21   22
   23   25   26   26   27   28   29   29   30   31   31   32   33   34   34   35
   36   36   37   38   38   38   39   39   38   38   38   37   37   36   36   35
   34   33   32   32   31   30   29   28   27   26   25   25   24   23   23   22
   21   20   19   18   18   17   16   16   15
    80.0-180.0 180.0   5.0 450.0                            LAT/LON1/LON2/DLON/H
   17   17   16   15   15   15   15   15   15   17   18   19   21   23   25   26
   27   29   30   31   32   32   33   33   33   33   34   34   34   35   36   37
   37   38   39   40   41   41   42   42   42   42   41   41   41   40   39   39
   38   37   37   36   35   35   33   33   32   31   30   29   28   27   26   26
   24   23   23   22   21   20   19   18   17
    77.5-180.0 180.0   5.0 450.0                            LAT/LON1/LON2/DLON/H
   20   18   17   17   16   15   16   16   17   18   20   22   24   27   29   32
   34   35   36   37   37   37   37   36   35   35   34   34   34   34   35   36
   37   37   39   39   40   40   41   41   41   41   41   41   41   40   40   40
   40   39   39   39   39   39   38   38   37   36   35   34   32   31   30   29
   28   27   26   25   24   23   22   21   20
    75.0-180.0 180.0   5.0 450.0                            LAT/LON1/LON2/DLON/H
   21   20   19   17   16   16   15   16   17   19   21   24   27   31   34   37
   40   42   43   43   43   42   41   39   37   36   34   33   33   32   32   32
   33   34   35   35   36   37   37   37   38   38   38   38   37   37   37   38
   38   39   40   40   41   42   41   41   41   40   39   38   36   34   33   32
   30   30   28   27   27   26   24   23   21
    72.5-180.0 180.0   5.0 450.0                            LAT/LON1/LON2/DLON/H
   22   21   19   18   16   16   16   16   17   20   23   26   30   34   39   42
   46   48   49   49   49   48   46   43   40   37   35   33   31   30   29   28
   28   28   29   29   30   31   31   31   31   31   31   31   30   31   32   33
   35   36   38   40   42   43   44   43   43   43   41   40   38   36   34   33
   31   30   29   28   27   26   25   24   22
    70.0-180.0 180.0   5.0 450.0                            LAT/LON1/LON2/DLON/H
   22   20   18   17   16   16   16   17   18   21   24   28   33   38   42   47
   50   53   55   56   55   54   51   47   43   40   36   33   30   28   26   24
   23   22   22   22   22   23   23   23   24   23   22   22   22   23   24   26
   29   31   35   38   40   42   43   44   44   43   41   40   38   36   34   33
   31   30   29   28   28   26   25   24   22
    67.5-180.0 180.0   5.0 450.0                            LAT/LON1/LON2/DLON/H
   21   19   18   16   16   16   17   18   20   23   26   31   35   40   45   49
   53   57   59   61   61   59   56   53   49   44   40   36   32   28   25   22
   19   17   16   15   15   15   15   15   15   15   15   15   15   16   17   20
   23   27   30   34   37   40   41   42   42   41   40   38   36   34   32   31
   30   29   28   28   27   26   25   22   21
    65.0-180.0 180.0   5.0 450.0                            LAT/LON1/LON2/DLON/H
   21   19   17   17   17   18   19   21   23   26   30   33   37   42   46   51
   56   59   63   65   65   64   62   58   54   50   46   41   36   31   26   22
   18   14   11    9    8    9    9    9   10   10   10   10   10   11   12   15
   18   22   26   30   34   36   37   38   38   37   36   35   33   32   30   29
   28   28   27   27   26   25   24   23   21
    62.5-180.0 180.0   5.0 450.0                            LAT/LON1/LON2/DLON/H
   22   20   19   19   20   21   23   25   28   30   33   37   40   43   48   52
   57   62   65   68   69   69   67   64   61   57   52   48   42   36   31   25
   19   14    9    8    8    8    8    9    9    9    9    9    9   10   11   13
   16   19   23   27   29   32   33   33   33   33   32   31   30   30   29   28
   28   27   27   27   27   26   25   24   22
    60.0-180.0 180.0   5.0 450.0                            LAT/LON1/LON2/DLON/H
   25   24   23   23   24   26   28   31   34   36   38   41   43   46   49   54
   58   63   67   70   72   72   71   69   66   63   60   55   50   44   38   31
   23   16   11    9    8    8    9    9   10   10   11   12   13   13   14   15
   17   19   22   25   26   28   29   30   29   29   28   28   28   28   28   28
   28   28   28   28   28   28   28   27   25
    57.5-180.0 180.0   5.0 450.0                            LAT/LON1/LON2/DLON/H
   30   29   28   29   31   32   35   38   41   42   44   45   47   49   52   56
   60   64   69   72   73   75   74   73   71   68   66   63   58   52   46   39
   30   22   15   10   10   10   11   12   15   17   19   20   21   20   21   21
   21   22   23   25   26   27   28   28   28   27   27   27   27   28   29   30
   30   30   30   31   32   32   33   32   30
    55.0-180.0 180.0   5.0 450.0                            LAT/LON1/LON2/DLON/H
   37   35   35   35   37   39   43   45   48   49   50   50   52   53   55   59
   63   67   70   74   75   76   76   76   74   73   72   69   66   61   55   47
   39   30   22   17   15   15   18   21   25   28   30   31   31   30   29   28
   28   27   27   27   28   29   29   29   29   28   27   27   28   30   30   31
   32   32   32   34   35   37   37   38   37
    52.5-180.0 180.0   5.0 450.0                            LAT/LON1/LON2/DLON/H
   42   41   41   42   44   47   50   53   56   56   56   56   56   57   59   63
   66   70   73   75   77   78   78   78   78   78   76   75   72   68   62   55
   46   38   31   26   25   26   29   33   37   41   43   44   43   42   39   37
   35   34   33   33   33   33   33   33   32   31   31   31   32   33   33   34
   34   35   35   36   38   41   42   42   42
    50.0-180.0 180.0   5.0 450.0                            LAT/LON1/LON2/DLON/H
   46   45   46   47   50   54   58   61   63   64   63   61   61   62   65   68
   71   74   75   77   79   80   81   81   81   81   81   79   77   73   67   61
   53   45   39   35   35   37   41   46   50   54   56   56   55   53   49   46
   44   42   41   40   40   40   40   39   38   36   35   34   35   36   37   37
   37   38   38   39   41   43   45   46   46
    47.5-180.0 180.0   5.0 450.0                            LAT/LON1/LON2/DLON/H
   47   47   48   51   55   59   64   68   70   71   69   67   66   68   70   74
   76   78   79   80   82   83   85   85   85   86   85   84   81   76   70   64
   58   51   46   44   45   48   53   57   62   66   68   68   66   63   59   55
   52   51   50   49   49   48   48   46   44   41   39   38   38   39   39   40
   40   39   40   41   43   45   46   47   47
    45.0-180.0 180.0   5.0 450.0                            LAT/LON1/LON2/DLON/H
   46   47   49   52   57   62   68   74   76   77   75   73   73   75   78   81
   83   83   83   84   86   89   91   91   92   91   90   88   83   78   71   65
   60   55   52   52   54   58   63   67   72   76   78   78   76   71   67   64
   61   59   57   57   56   56   54   52   49   46   44   42   41   41   42   42
   42   42   42   43   44   45   45   46   46
    42.5-180.0 180.0   5.0 450.0                            LAT/LON1/LON2/DLON/H
   43   44   47   51   57   63   71   77   81   83   81   80   80   82   86   88
   90   89   89   90   93   97   99   99   99   98   96   92   86   79   71   65
   60   58   57   59   62   66   71   76   80   84   87   87   84   79   74   70
   67   65   63   63   62   61   59   57   54   51   48   45   44   43   43   44
   43   43   44   44   44   44   44   43   43
    40.0-180.0 180.0   5.0 450.0                            LAT/LON1/LON2/DLON/H
   40   41   44   49   55   63   71   79   84   87   87   86   87   90   94   96
   97   96   94   96  101  106  108  108  107  105  102   96   89   80   71   64
   61   60   62   65   69   73   77   81   85   89   93   93   90   85   80   76
   73   70   68   66   65   64   62   60   57   53   50   47   45   44   44   44
   44   45   45   45   44   44   42   41   40
    37.5-180.0 180.0   5.0 450.0                            LAT/LON1/LON2/DLON/H
   37   38   41   46   53   61   70   79   86   90   91   92   94   98  102  104
  104  102  101  103  109  115  117  117  114  111  107  101   93   83   74   67
   64   65   68   72   76   79   82   85   89   93   96   98   95   90   84   79
   75   72   70   67   65   64   63   61   58   55   52   49   46   45   44   44
   45   46   46   46   45   43   40   38   37
    35.0-180.0 180.0   5.0 450.0                            LAT/LON1/LON2/DLON/H
   36   37   40   45   51   59   68   77   85   91   94   96   99  104  109  111
  110  108  107  110  117  123  125  122  118  115  112  107   99   90   80   73
   70   72   75   79   82   85   86   88   91   95   99  100   98   92   86   81
   76   72   68   65   64   62   62   60   58   56   53   50   47   45   44   44
   45   46   46   46   44   42   39   37   36
    32.5-180.0 180.0   5.0 450.0                            LAT/LON1/LON2/DLON/H
   36   37   40   46   52   58   66   75   84   91   95   99  104  110  114  116
  115  113  113  117  124  129  129  124  119  116  115  114  109  100   91   84
   82   83   86   88   90   90   90   90   91   95   98  100   98   93   87   80
   75   70   65   62   60   60   60   59   58   56   54   51   48   45   44   44
   45   46   46   46   43   41   39   36   36
    30.0-180.0 180.0   5.0 450.0                            LAT/LON1/LON2/DLON/H
   37   39   43   47   53   58   64   72   81   89   95   99  106  113  118  120
  119  117  118  122  129  132  129  123  117  115  118  121  120  114  106  101
   98   98   99  100   98   95   93   91   91   93   96   98   96   92   85   78
   72   66   62   58   56   57   57   57   56   55   54   52   49   45   43   43
   44   45   45   44   42   40   38   37   37
    27.5-180.0 180.0   5.0 450.0                            LAT/LON1/LON2/DLON/H
   39   42   47   52   56   59   64   71   79   87   93   99  106  113  119  121
  121  120  121  125  130  132  127  119  114  115  121  129  133  131  126  122
  119  117  116  113  107  101   95   91   89   90   93   95   93   88   81   74
   67   61   57   54   54   54   56   55   55   54   54   52   49   46   44   43
   44   44   44   42   41   39   38   38   39
    25.0-180.0 180.0   5.0 450.0                            LAT/LON1/LON2/DLON/H
   40   45   50   56   60   63   66   71   78   85   90   97  105  113  119  121
  121  121  122  125  129  129  123  115  111  115  125  139  148  150  149  145
  142  139  133  125  116  106   97   90   87   87   88   90   88   83   77   70
   63   57   54   52   51   53   54   54   53   53   53   52   49   45   43   42
   42   43   41   40   39   38   37   38   40
    22.5-180.0 180.0   5.0 450.0                            LAT/LON1/LON2/DLON/H
   42   47   54   60   65   68   70   73   78   84   89   95  102  111  117  120
  120  120  121  123  125  124  120  114  113  120  134  151  164  170  171  170
  167  160  151  138  123  109   97   89   84   82   83   84   83   79   72   65
   59   54   51   50   50   52   52   52   52   51   52   51   49   45   43   41
   41   41   40   38   37   36   37   39   42
    20.0-180.0 180.0   5.0 450.0                            LAT/LON1/LON2/DLON/H
   42   48   56   64   69   73   74   77   82   86   90   94  101  110  116  119
  119  119  118  119  120  120  119  117  120  131  147  165  180  189  192  192
  188  179  164  146  128  111   97   87   81   79   79   79   78   74   68   62
   56   52   50   50   51   52   52   51   50   50   50   50   48   45   42   41
   40   40   39   37   35   36   37   38   42
    17.5-180.0 180.0   5.0 450.0                            LAT/LON1/LON2/DLON/H
   42   49   57   66   73   78   80   83   87   90   92   96  102  110  117  119
  120  118  116  116  116  118  121  125  133  146  162  180  195  204  209  209
  204  192  174  152  130  111   96   86   80   76   75   75   73   70   65   59
   54   51   50   51   53   53   53   50   48   48   49   48   46   43   41   40
   40   40   38   36   35   36   36   38   42
    15.0-180.0 180.0   5.0 450.0                            LAT/LON1/LON2/DLON/H
   40   48   58   68   76   82   87   90   94   96   97  100  106  113  120  123
  122  120  117  115  115  120  128  138  151  165  180  194  207  215  219  219
  213  199  178  154  131  112   97   87   81   77   75   74   72   68   63   58
   54   52   52   54   55   55   53   51   48   48   47   47   45   42   40   39
   40   40   38   36   35   36   36   37   40
    12.5-180.0 180.0   5.0 450.0                            LAT/LON1/LON2/DLON/H
   39   46   57   69   78   86   92   97  102  104  105  107  113  121  126  129
  129  126  123  120  120  127  139  155  171  185  196  205  214  220  222  221
  214  200  179  155  133  114  101   91   85   81   78   75   72   68   63   58
   56   54   55   57   58   57   55   52   48   47   47   46   44   41   39   39
   40   40   39   37   36   36   36   36   39
    10.0-180.0 180.0   5.0 450.0                            LAT/LON1/LON2/DLON/H
   37   45   57   68   79   88   96  103  109  113  114  117  123  130  136  139
  139  138  135  132  132  140  155  174  191  202  209  213  217  220  220  217
  210  198  180  159  138  121  109  101   94   89   84   79   74   69   65   61
   58   57   58   60   60   59   56   53   51   49   49   47   44   41   40   40
   41   41   40   38   37   37   36   35   37
     7.5-180.0 180.0   5.0 450.0                            LAT/LON1/LON2/DLON/H
   36   45   57   69   80   89   99  108  116  121  124  128  134  142  147  151
  152  153  152  150  150  158  174  192  207  215  217  215  215  216  215  212
  207  198  184  166  148  134  122  114  106   99   92   84   78   72   67   63
   61   60   61   62   62   61   59   57   54   52   50   48   44   42   41   41
   41   41   40   39   38   38   37   35   36
     5.0-180.0 180.0   5.0 450.0                            LAT/LON1/LON2/DLON/H
   36   46   59   71   81   91  101  112  122  128  133  139  146  153  159  162
  166  169  171  171  171  179  192  208  220  224  221  215  213  212  211  209
  207  202  194  180  165  151  140  130  120  111  101   91   83   76   72   68
   65   64   64   64   63   62   62   60   58   56   54   50   46   43   42   41
   42   41   41   40   40   39   37   35   36
     2.5-180.0 180.0   5.0 450.0                            LAT/LON1/LON2/DLON/H
   38   48   61   74   83   93  104  115  126  135  142  148  156  163  169  173
  179  185  190  192  192  198  208  220  227  227  221  215  212  212  212  212
  213  214  210  200  186  172  158  146  134  121  108   97   88   81   76   72
   70   68   66   65   64   64   64   63   62   60   56   52   48   45   44   43
   42   42   41   41   40   40   37   35   38
