src/SBPT/SERVUS/IGP/SCN/EGNOS-SIS-GEO123-JAN19/INP/ION/igsg0140.19i
     1.0            IONOSPHERE MAPS     MIX                 IONEX VERSION / TYPE
cmpcmb v1.2          GRL/UWM             1-feb-19 09:08     PGM / RUN BY / DATE 
ionex file containing IGS COMBINED Ionosphere maps          COMMENT             
global ionosphere maps for day 014, 2019                    DESCRIPTION         
IONEX file containing the COMBINED IGS TEC MAPS and DCBs    DESCRIPTION         
      IONEX files of the following IAACs were combined: cod DESCRIPTION         
                                                        jpl DESCRIPTION         
Contact address: Andrzej Krankowski                         DESCRIPTION
                 Geodynamics Research Laboratory            DESCRIPTION
                 University of Warmia and Mazury (GRL/UWM)  DESCRIPTION
                 Oczapowski St. 1                           DESCRIPTION
                 10-957-Olsztyn, POLAND                     DESCRIPTION
                 e-mail:  kand@uwm.edu.pl                   DESCRIPTION
                                                            DESCRIPTION         
  2019     1    14     0     0     0                        EPOCH OF FIRST MAP  
  2019     1    15     0     0     0                        EPOCH OF LAST MAP   
  7200                                                      INTERVAL            
    13                                                      # OF MAPS IN FILE   
  COSZ                                                      MAPPING FUNCTION    
     0.0                                                    ELEVATION CUTOFF    
combined TEC calculated as weighted mean of input TEC valuesOBSERVABLES USED    
   322                                                      # OF STATIONS       
    32                                                      # OF SATELLITES     
  6371.0                                                    BASE RADIUS         
     2                                                      MAP DIMENSION       
   450.0 450.0   0.0                                        HGT1 / HGT2 / DHGT  
    87.5 -87.5  -2.5                                        LAT1 / LAT2 / DLAT  
  -180.0 180.0   5.0                                        LON1 / LON2 / DLON  
    -1                                                      EXPONENT            
TEC values in 0.1 tec units;  9999, if no value available   COMMENT             
DCB values in nanoseconds, reference is Sum_of_SatDCBs = 0  COMMENT             
                                                            END OF HEADER       
[from data line 858]
     3                                                      START OF TEC MAP    
  2019     1    14     4     0     0                        EPOCH OF CURRENT MAP
    87.5-180.0 180.0   5.0 450.0                            LAT/LON1/LON2/DLON/H
   23   23   23   23   23   23   23   24   24   23   23   23   23   23   23   23
   22   22   22   21   21   21   21   21   21   21   21   21   21   21   21   21
   22   22   22   22   22   23   23   23   23   23   23   23   23   23   23   22
   22   22   22   22   21   21   21   21   21   21   21   21   21   21   21   21
   21   22   22   22   22   22   22   23   23
    85.0-180.0 180.0   5.0 450.0                            LAT/LON1/LON2/DLON/H
   24   24   25   25   26   26   27   27   26   26   26   25   24   24   23   22
   22   21   20   19   19   18   18   18   18   18   18   18   19   20   20   21
   22   23   23   24   24   25   25   25   26   26   25   25   25   24   24   23
   23   22   22   21   21   21   20   20   19   19   19   18   18   18   19   19
   19   20   20   21   21   22   22   23   24
    82.5-180.0 180.0   5.0 450.0                            LAT/LON1/LON2/DLON/H
   24   25   26   27   28   29   29   30   30   30   29   29   28   26   25   23
   22   20   18   17   16   15   14   14   13   14   14   15   16   18   19   20
   22   24   25   26   27   28   29   29   29   29   28   28   27   26   25   24
   23   22   21   20   20   19   18   18   17   17   17   17   16   16   16   16
   17   17   18   19   20   20   22   23   24
    80.0-180.0 180.0   5.0 450.0                            LAT/LON1/LON2/DLON/H
   24   25   27   28   29   30   32   32   33   33   32   31   30   28   26   23
   21   19   17   15   13   12   11   10   10   10   11   13   15   17   19   21
   23   25   27   29   30   31   32   32   32   32   31   30   28   27   26   24
   23   22   20   19   19   18   18   17   17   16   16   16   16   16   16   16
   16   16   17   18   18   19   21   22   24
    77.5-180.0 180.0   5.0 450.0                            LAT/LON1/LON2/DLON/H
   23   24   25   27   29   30   32   33   33   34   33   32   31   30   27   24
   22   19   17   14   12   10    9    9    9   10   11   13   15   17   20   23
   25   27   29   31   32   34   34   34   34   33   31   30   28   26   25   23
   22   20   20   19   19   19   19   18   19   19   19   19   19   19   18   18
   18   18   18   18   19   19   20   22   23
    75.0-180.0 180.0   5.0 450.0                            LAT/LON1/LON2/DLON/H
   22   23   24   25   26   28   30   31   32   33   33   33   32   30   28   25
   22   20   17   15   13   11   10   11   11   12   14   16   17   20   22   25
   27   29   31   32   34   34   34   34   33   31   30   28   25   23   21   20
   19   19   19   19   20   21   21   23   23   23   24   24   24   23   23   22
   22   21   21   21   21   21   21   22   22
    72.5-180.0 180.0   5.0 450.0                            LAT/LON1/LON2/DLON/H
   23   23   23   23   24   25   27   28   29   30   31   31   31   29   27   26
   23   21   19   17   16   15   15   15   15   17   18   20   22   24   26   28
   29   30   31   32   32   32   32   31   30   28   26   22   20   18   16   16
   16   17   18   20   22   24   26   28   29   30   31   31   31   31   30   29
   29   27   26   25   25   24   24   23   23
    70.0-180.0 180.0   5.0 450.0                            LAT/LON1/LON2/DLON/H
   26   25   23   22   22   23   23   25   25   27   28   28   28   27   26   25
   24   23   21   21   20   19   20   20   21   22   24   26   28   29   29   30
   30   30   31   30   30   29   28   26   25   22   19   16   14   12   11   11
   13   15   18   21   25   28   31   33   35   36   37   38   39   39   38   38
   36   35   33   32   31   29   28   27   26
    67.5-180.0 180.0   5.0 450.0                            LAT/LON1/LON2/DLON/H
   31   28   26   24   22   21   21   22   22   23   24   24   24   24   24   24
   24   23   23   23   24   24   25   25   26   27   29   31   33   33   33   32
   31   30   29   28   26   25   23   20   18   16   13   10    9    9    9    9
   11   14   19   24   28   33   35   38   40   42   43   44   45   46   46   45
   44   42   40   39   37   36   35   33   31
    65.0-180.0 180.0   5.0 450.0                            LAT/LON1/LON2/DLON/H
   38   35   31   28   25   22   21   20   19   20   20   20   21   21   21   22
   22   24   24   26   26   27   27   27   28   30   32   35   36   37   36   34
   32   30   27   25   23   21   18   16   14   11    9    9    8    7    7    8
   10   16   22   28   33   37   40   42   44   46   46   49   50   51   52   51
   50   49   47   45   44   43   42   40   38
    62.5-180.0 180.0   5.0 450.0                            LAT/LON1/LON2/DLON/H
   45   42   38   33   29   25   22   20   19   18   18   18   18   18   19   21
   22   24   25   26   26   27   27   28   29   31   33   36   38   39   38   36
   33   30   27   24   21   19   16   14   12   10    9    8    7    7    7    9
   13   19   26   32   38   42   44   45   46   48   49   52   54   56   57   57
   56   54   52   51   49   49   48   47   45
    60.0-180.0 180.0   5.0 450.0                            LAT/LON1/LON2/DLON/H
   52   49   44   39   34   29   25   22   20   18   17   17   16   17   17   20
   22   23   24   25   25   24   25   25   27   30   34   37   40   41   40   38
   35   32   29   26   22   19   17   14   13   12   11   11   10   10   11   14
   18   25   31   38   43   47   48   49   49   50   52   55   58   60   61   62
   61   58   56   54   53   53   54   53   52
    57.5-180.0 180.0   5.0 450.0                            LAT/LON1/LON2/DLON/H
   57   55   50   45   39   34   30   26   23   20   18   17   16   16   18   20
   21   23   24   24   22   22   22   23   26   30   35   39   42   43   42   40
   38   35   32   29   26   22   19   18   17   18   18   19   19   19   20   22
   26   31   37   43   48   51   51   51   52   53   56   60   63   65   66   66
   65   62   59   57   56   56   57   58   57
    55.0-180.0 180.0   5.0 450.0                            LAT/LON1/LON2/DLON/H
   61   59   55   50   45   40   34   30   26   23   21   18   17   17   19   20
   22   23   23   22   19   19   20   23   27   33   39   43   45   45   44   43
   41   39   37   34   31   28   25   24   25   26   28   29   29   30   30   31
   34   38   43   48   52   54   55   56   57   59   62   66   70   71   72   71
   69   65   62   60   58   58   60   61   61
    52.5-180.0 180.0   5.0 450.0                            LAT/LON1/LON2/DLON/H
   62   61   57   53   49   44   40   35   31   26   23   21   19   19   20   22
   23   24   23   21   18   18   20   25   31   39   45   50   50   49   47   45
   44   43   42   40   38   35   32   32   32   35   38   39   41   41   40   41
   42   45   49   52   56   58   59   60   63   66   70   74   77   78   78   76
   73   69   65   62   60   60   61   62   62
    50.0-180.0 180.0   5.0 450.0                            LAT/LON1/LON2/DLON/H
   62   61   59   55   51   48   44   40   35   31   27   24   22   21   22   24
   25   25   24   21   19   19   23   31   40   50   56   58   57   53   49   47
   47   48   49   48   46   43   40   39   40   43   47   49   50   51   50   51
   51   52   53   56   59   61   63   66   70   74   79   83   85   85   83   80
   76   72   68   64   62   61   61   62   62
    47.5-180.0 180.0   5.0 450.0                            LAT/LON1/LON2/DLON/H
   62   61   58   56   54   51   48   44   39   35   32   29   27   25   25   26
   27   27   26   24   22   25   31   42   53   63   69   69   64   57   52   49
   50   52   54   54   53   50   47   47   48   51   54   56   58   59   59   59
   59   59   59   60   62   65   68   71   77   81   86   89   90   89   86   83
   79   76   72   68   64   62   61   61   62
    45.0-180.0 180.0   5.0 450.0                            LAT/LON1/LON2/DLON/H
   60   59   57   56   54   52   50   47   43   40   37   34   32   30   29   29
   30   31   30   29   29   33   43   56   69   79   82   79   71   62   55   52
   52   55   58   59   59   57   54   53   54   56   59   62   64   65   67   68
   68   66   65   65   66   68   72   77   81   86   90   92   92   90   87   85
   82   80   78   73   68   64   62   61   60
    42.5-180.0 180.0   5.0 450.0                            LAT/LON1/LON2/DLON/H
   59   58   56   55   54   53   51   49   47   44   42   41   39   36   34   33
   34   35   36   36   38   45   57   72   85   95   96   89   77   65   57   53
   54   58   61   63   63   62   60   59   59   61   62   65   67   71   74   76
   76   75   71   70   70   73   76   80   85   88   91   92   91   90   87   86
   87   87   85   81   74   68   64   61   59
    40.0-180.0 180.0   5.0 450.0                            LAT/LON1/LON2/DLON/H
   59   58   56   55   53   52   51   50   49   49   49   48   46   43   40   39
   40   41   43   45   50   59   72   87  101  108  106   95   81   67   58   55
   56   60   63   65   66   65   65   65   64   64   65   67   71   76   81   84
   85   82   78   75   75   77   79   83   86   89   91   92   91   90   89   90
   94   97   96   91   82   73   67   62   59
    37.5-180.0 180.0   5.0 450.0                            LAT/LON1/LON2/DLON/H
   62   59   58   56   54   52   51   50   51   52   54   56   54   51   47   46
   46   49   51   55   61   72   85  100  112  116  111   98   82   68   60   57
   58   61   64   65   67   68   68   68   68   67   68   70   74   80   87   92
   92   90   85   82   80   81   84   85   87   89   92   94   95   96   97  100
  105  110  110  103   93   81   72   66   62
    35.0-180.0 180.0   5.0 450.0                            LAT/LON1/LON2/DLON/H
   67   63   61   58   55   52   51   50   52   55   59   62   62   59   55   53
   53   56   59   64   71   82   94  108  117  119  111   96   80   68   61   60
   61   62   63   64   65   68   70   70   70   69   69   71   76   84   92   98
   98   95   91   87   86   86   87   88   90   93   97  103  107  110  113  117
  123  128  127  119  106   91   79   72   67
    32.5-180.0 180.0   5.0 450.0                            LAT/LON1/LON2/DLON/H
   74   69   65   62   58   54   51   50   53   57   63   67   68   66   62   60
   60   63   66   71   78   87   99  110  116  115  105   91   77   67   62   61
   62   62   62   61   63   66   69   71   71   70   70   72   78   86   95  101
  102   99   94   91   90   91   92   93   96  101  110  120  129  135  139  142
  147  151  148  137  120  104   90   81   74
    30.0-180.0 180.0   5.0 450.0                            LAT/LON1/LON2/DLON/H
   84   77   72   67   62   58   53   52   53   58   65   70   73   71   68   66
   66   68   71   75   80   89   97  105  108  105   96   83   72   65   62   63
   63   62   60   58   60   62   66   69   69   68   69   71   78   87   95  102
  104  101   98   96   96   97   98  100  105  115  129  146  160  169  173  176
  177  177  171  157  139  119  104   92   84
    27.5-180.0 180.0   5.0 450.0                            LAT/LON1/LON2/DLON/H
   96   87   80   75   69   63   56   53   53   58   65   70   73   74   72   71
   70   71   72   75   80   86   92   97   97   92   83   74   66   62   62   63
   63   60   56   54   55   58   61   64   64   64   65   68   75   84   94  101
  103  102  101  101  102  104  106  109  117  132  152  175  194  206  210  210
  208  204  194  178  157  137  120  106   96
    25.0-180.0 180.0   5.0 450.0                            LAT/LON1/LON2/DLON/H
  110   99   90   84   77   70   62   56   55   57   63   69   73   74   74   74
   73   72   72   73   76   80   84   86   85   80   72   65   60   59   60   61
   61   57   53   50   50   51   54   57   58   58   59   63   71   81   91   98
  102  103  104  106  109  112  115  120  131  150  175  203  226  239  243  240
  234  226  214  197  176  155  137  122  110
    22.5-180.0 180.0   5.0 450.0                            LAT/LON1/LON2/DLON/H
  124  110  100   93   86   78   69   62   57   58   61   66   71   73   75   74
   74   71   70   69   71   74   76   77   74   69   63   58   56   56   57   58
   56   52   48   45   44   45   47   49   49   50   52   57   66   77   87   95
  100  104  109  113  118  122  126  132  145  167  195  224  248  260  262  258
  251  241  229  212  192  171  153  137  124
    20.0-180.0 180.0   5.0 450.0                            LAT/LON1/LON2/DLON/H
  136  121  110  103   97   88   77   68   62   60   61   64   68   72   74   74
   73   69   66   64   65   68   70   70   66   62   56   53   52   53   54   53
   51   47   43   40   39   39   40   40   40   41   44   51   61   72   84   93
  101  108  115  122  128  133  137  144  158  180  207  235  256  266  267  262
  254  245  235  221  202  184  166  151  136
    17.5-180.0 180.0   5.0 450.0                            LAT/LON1/LON2/DLON/H
  147  131  119  112  107   98   86   76   69   65   63   64   67   70   72   72
   71   67   62   60   61   64   66   65   62   58   53   50   50   50   50   49
   45   41   38   36   35   34   33   32   33   33   37   45   57   70   83   93
  104  113  124  132  139  143  148  154  169  190  213  236  252  258  256  250
  244  239  231  221  207  191  175  162  147
    15.0-180.0 180.0   5.0 450.0                            LAT/LON1/LON2/DLON/H
  155  140  128  121  116  107   96   85   78   72   68   67   67   69   71   70
   68   63   59   57   59   62   64   64   61   57   52   49   48   48   47   44
   40   36   34   33   32   30   28   27   26   27   31   41   54   69   83   96
  108  120  132  143  149  154  158  164  177  195  214  229  239  240  236  231
  227  224  222  215  205  192  180  169  155
    12.5-180.0 180.0   5.0 450.0                            LAT/LON1/LON2/DLON/H
  162  148  137  130  124  116  105   95   87   81   76   72   70   70   69   69
   65   62   58   58   59   63   65   66   63   58   53   49   48   47   45   41
   36   33   31   31   30   29   26   24   23   24   29   39   54   70   85   99
  113  127  141  151  158  162  165  172  182  196  210  219  223  220  214  209
  208  209  209  207  200  192  183  174  162
    10.0-180.0 180.0   5.0 450.0                            LAT/LON1/LON2/DLON/H
  170  158  146  138  131  123  113  103   96   90   84   78   74   71   69   66
   63   60   59   60   63   66   69   69   66   60   54   50   48   46   44   39
   34   31   30   31   30   29   26   24   22   23   29   39   55   72   88  103
  117  131  146  157  163  168  172  177  186  196  205  209  209  203  196  192
  192  196  199  200  196  191  185  179  170
     7.5-180.0 180.0   5.0 450.0                            LAT/LON1/LON2/DLON/H
  178  168  157  147  138  129  120  111  104   98   91   84   77   71   67   64
   61   61   62   65   69   72   74   73   70   63   56   51   48   47   43   39
   34   31   31   32   31   29   27   25   24   24   30   42   58   75   91  106
  119  133  147  158  165  171  175  181  188  195  199  202  200  194  188  184
  186  191  196  198  197  194  190  186  178
     5.0-180.0 180.0   5.0 450.0                            LAT/LON1/LON2/DLON/H
  190  180  168  156  145  136  126  118  111  104   97   89   80   72   66   61
   60   61   65   71   76   78   80   79   75   67   58   52   49   47   44   40
   35   32   32   33   33   31   29   27   26   28   33   44   60   77   93  107
  119  131  143  155  163  170  177  183  188  193  196  198  198  194  190  188
  190  196  202  204  203  201  199  196  190
     2.5-180.0 180.0   5.0 450.0                            LAT/LON1/LON2/DLON/H
  204  194  181  166  153  142  133  124  116  109  100   91   81   72   64   59
   58   62   68   76   81   84   84   84   79   71   61   54   50   48   45   42
   37   35   34   35   35   33   31   29   29   31   36   47   61   78   94  106
  117  127  137  148  158  167  176  184  189  192  196  200  203  203  201  201
  205  211  215  217  215  213  211  209  204
