src/SBPT/SERVUS/IGP/SCN/EGNOS-SIS-GEO123-JAN19/INP/ION/igsg0140.19i
     1.0            IONOSPHERE MAPS     MIX                 IONEX VERSION / TYPE
cmpcmb v1.2          GRL/UWM             1-feb-19 09:08     PGM / RUN BY / DATE 
ionex file containing IGS COMBINED Ionosphere maps          COMMENT             
global ionosphere maps for day 014, 2019                    DESCRIPTION         
IONEX file containing the COMBINED IGS TEC MAPS and DCBs    DESCRIPTION         
      IONEX files of the following IAACs were combined: cod DESCRIPTION         
                                                        jpl DESCRIPTION         
Contact address: Andrzej Krankowski                         DESCRIPTION
                 Geodynamics Research Laboratory            DESCRIPTION
                 University of Warmia and Mazury (GRL/UWM)  DESCRIPTION
                 Oczapowski St. 1                           DESCRIPTION
                 10-957-Olsztyn, POLAND                     DESCRIPTION
                 e-mail:  kand@uwm.edu.pl                   DESCRIPTION
                                                            DESCRIPTION         
  2019     1    14     0     0     0                        EPOCH OF FIRST MAP  
  2019     1    15     0     0     0                        EPOCH OF LAST MAP   
  7200                                                      INTERVAL            
    13                                                      # OF MAPS IN FILE   
  COSZ                                                      MAPPING FUNCTION    
     0.0                                                    ELEVATION CUTOFF    
combined TEC calculated as weighted mean of input TEC valuesOBSERVABLES USED    
   322                                                      # OF STATIONS       
    32                                                      # OF SATELLITES     
  6371.0                                                    BASE RADIUS         
     2                                                      MAP DIMENSION       
   450.0 450.0   0.0                                        HGT1 / HGT2 / DHGT  
    87.5 -87.5  -2.5                                        LAT1 / LAT2 / DLAT  
  -180.0 180.0   5.0                                        LON1 / LON2 / DLON  
    -1                                                      EXPONENT            
TEC values in 0.1 tec units;  9999, if no value available   COMMENT             
DCB values in nanoseconds, reference is Sum_of_SatDCBs = 0  COMMENT             
                                                            END OF HEADER       
[from data line 5148]
    13                                                      START OF TEC MAP    
  2019     1    15     0     0     0                        EPOCH OF CURRENT MAP
    87.5-180.0 180.0   5.0 450.0                            LAT/LON1/LON2/DLON/H
   23   23   23   23   23   23   22   22   22   22   22   21   21   20   20   20
   19   18   18   18   17   17   16   16   15   14   14   14   14   13   13   13
   13   13   13   13   13   13   14   14   14   14   15   15   15   16   16   17
   17   17   17   18   18   19   19   19   19   20   21   21   21   21   21   21
   21   22   22   22   22   22   22   23   23
    85.0-180.0 180.0   5.0 450.0                            LAT/LON1/LON2/DLON/H
   27   27   28   28   28   28   28   28   28   27   27   26   26   25   24   23
   22   21   20   19   18   17   16   14   14   13   12   11   11   11   11   12
   12   12   12   12   12   13   13   13   14   14   15   16   16   17   18   19
   19   19   20   21   21   21   22   22   22   22   23   23   23   24   24   24
   25   25   25   25   26   26   27   27   27
    82.5-180.0 180.0   5.0 450.0                            LAT/LON1/LON2/DLON/H
   31   31   32   32   33   33   33   33   33   33   32   32   31   30   29   28
   26   25   23   22   20   19   17   15   14   13   12   12   12   12   12   12
   12   12   12   12   13   13   14   14   16   17   18   19   20   21   22   22
   23   24   25   25   25   25   25   25   25   25   25   25   25   25   26   25
   26   26   27   27   28   28   29   30   31
    80.0-180.0 180.0   5.0 450.0                            LAT/LON1/LON2/DLON/H
   33   34   35   36   36   37   37   37   38   37   37   37   36   35   34   33
   31   29   27   26   24   22   20   17   16   14   13   13   13   13   12   12
   12   12   12   13   13   14   16   17   19   20   22   23   24   26   27   28
   28   29   29   29   29   29   28   28   27   26   26   25   25   25   25   25
   25   26   27   28   28   29   30   32   33
    77.5-180.0 180.0   5.0 450.0                            LAT/LON1/LON2/DLON/H
   34   35   37   38   39   40   40   41   41   41   41   41   40   39   38   36
   35   33   31   29   27   26   24   21   19   18   17   16   15   15   14   14
   14   14   15   15   17   18   19   21   22   24   25   27   29   30   31   32
   32   33   33   32   32   31   30   29   28   26   25   25   24   23   23   23
   23   24   25   26   27   29   31   32   34
    75.0-180.0 180.0   5.0 450.0                            LAT/LON1/LON2/DLON/H
   34   36   38   40   40   41   42   42   42   42   42   42   41   41   40   39
   38   36   35   33   31   30   27   26   24   22   21   20   19   19   19   19
   19   19   19   19   20   20   21   23   24   26   28   29   31   32   34   34
   35   35   35   34   33   31   30   28   27   25   24   22   21   20   20   20
   21   21   23   24   25   28   30   32   34
    72.5-180.0 180.0   5.0 450.0                            LAT/LON1/LON2/DLON/H
   36   39   41   42   43   43   44   44   44   43   43   42   42   41   41   39
   38   37   37   36   35   33   31   30   28   27   25   24   23   23   23   23
   23   22   22   22   21   21   22   23   24   25   27   29   30   32   33   34
   35   35   35   34   32   31   29   27   25   23   21   19   18   18   17   17
   18   19   21   22   25   28   31   34   36
    70.0-180.0 180.0   5.0 450.0                            LAT/LON1/LON2/DLON/H
   40   42   44   45   46   46   46   45   45   44   43   42   41   40   39   38
   38   38   37   37   36   35   34   33   31   29   28   27   26   26   25   25
   25   24   23   23   22   21   21   22   22   23   24   26   27   29   30   31
   32   32   32   31   30   28   26   24   22   20   19   18   17   16   16   16
   17   19   21   23   26   29   33   37   40
    67.5-180.0 180.0   5.0 450.0                            LAT/LON1/LON2/DLON/H
   45   47   49   49   49   49   49   47   46   45   43   42   40   38   37   36
   36   35   36   36   36   36   35   34   32   30   28   27   27   26   25   26
   25   24   23   22   21   20   19   18   19   20   20   21   23   24   25   26
   27   28   28   27   27   25   23   21   20   18   17   17   17   17   17   18
   19   20   23   25   28   33   37   41   45
    65.0-180.0 180.0   5.0 450.0                            LAT/LON1/LON2/DLON/H
   50   53   54   54   54   53   51   50   48   46   43   41   39   37   35   33
   33   33   33   34   34   34   33   32   31   29   27   26   25   24   24   24
   24   23   21   20   18   17   16   16   16   17   18   18   19   20   21   22
   23   24   24   24   23   21   20   18   18   17   17   18   19   20   21   22
   23   25   27   29   33   37   42   46   50
    62.5-180.0 180.0   5.0 450.0                            LAT/LON1/LON2/DLON/H
   56   58   59   59   58   57   55   53   50   47   44   41   38   35   33   31
   30   30   31   31   31   31   30   29   27   26   25   23   22   22   22   22
   22   21   20   19   18   16   16   16   17   17   18   18   18   18   18   19
   19   20   20   20   19   18   17   16   16   17   18   20   23   25   27   29
   31   31   33   35   38   43   47   51   56
    60.0-180.0 180.0   5.0 450.0                            LAT/LON1/LON2/DLON/H
   61   63   64   64   62   60   58   55   52   49   46   43   40   37   34   31
   30   28   28   28   27   27   26   25   24   23   22   21   20   20   20   20
   21   21   21   20   19   18   18   19   20   22   22   22   21   20   18   18
   18   18   18   18   17   16   15   15   15   17   20   23   27   31   34   37
   38   39   40   41   44   48   52   57   61
    57.5-180.0 180.0   5.0 450.0                            LAT/LON1/LON2/DLON/H
   65   67   69   68   67   64   61   58   55   51   48   45   42   39   36   33
   30   29   27   25   24   23   22   21   21   21   21   21   21   21   21   22
   23   24   24   23   22   23   24   26   29   30   31   29   27   24   22   21
   20   19   18   17   16   15   14   14   15   18   21   26   31   36   41   44
   46   47   47   47   49   52   57   61   65
    55.0-180.0 180.0   5.0 450.0                            LAT/LON1/LON2/DLON/H
   69   71   73   73   72   68   65   61   57   54   50   48   45   42   39   36
   33   31   27   25   23   21   20   20   21   22   24   25   25   25   26   26
   27   28   29   29   30   31   34   37   40   43   43   41   37   33   29   26
   24   22   20   19   17   16   15   15   15   18   22   28   34   40   45   50
   52   53   53   53   54   57   61   65   69
    52.5-180.0 180.0   5.0 450.0                            LAT/LON1/LON2/DLON/H
   73   76   78   78   77   74   70   65   61   57   54   51   49   47   44   41
   37   33   29   26   23   22   21   21   24   27   30   32   33   33   33   33
   34   35   36   37   40   42   46   50   55   57   57   54   48   43   38   33
   30   27   25   23   20   18   16   16   17   20   25   30   36   43   48   53
   56   58   59   59   60   63   66   69   73
    50.0-180.0 180.0   5.0 450.0                            LAT/LON1/LON2/DLON/H
   78   81   83   84   83   81   77   72   66   62   59   56   54   52   49   45
   41   37   33   29   27   25   25   27   30   35   40   43   44   43   42   41
   42   43   45   47   50   53   58   63   68   70   69   65   59   52   47   41
   38   34   31   28   24   21   19   18   19   22   27   32   39   45   51   56
   59   61   63   64   66   69   71   75   78
    47.5-180.0 180.0   5.0 450.0                            LAT/LON1/LON2/DLON/H
   85   87   90   91   91   89   85   79   73   69   65   62   60   57   55   51
   46   41   37   34   32   31   32   36   40   47   52   56   56   55   52   50
   50   51   53   56   59   63   68   73   78   81   79   75   68   61   55   49
   45   42   38   34   29   25   23   22   23   26   30   35   41   47   52   57
   61   64   66   68   71   75   78   81   85
    45.0-180.0 180.0   5.0 450.0                            LAT/LON1/LON2/DLON/H
   90   93   96   98   98   96   93   87   82   77   73   70   66   63   60   55
   50   45   42   40   40   41   43   47   53   60   66   70   70   66   62   59
   57   58   60   63   67   71   75   81   85   87   86   80   74   67   61   57
   53   49   45   40   35   30   27   26   27   30   34   39   44   49   54   58
   62   66   69   72   76   80   84   87   90
    42.5-180.0 180.0   5.0 450.0                            LAT/LON1/LON2/DLON/H
   95   98  101  103  103  102   99   95   89   85   81   78   74   70   65   59
   54   49   47   47   49   52   56   62   68   75   81   83   82   77   71   66
   64   63   65   68   71   75   80   84   88   90   88   83   77   71   66   63
   59   56   51   46   40   35   32   31   32   35   40   44   49   53   57   60
   64   67   70   74   80   85   89   92   95
    40.0-180.0 180.0   5.0 450.0                            LAT/LON1/LON2/DLON/H
   98  100  103  105  106  106  104  100   96   93   90   86   81   77   71   64
   58   54   53   55   60   65   71   76   82   88   93   94   91   85   77   71
   68   67   68   71   73   77   81   85   88   90   88   83   78   73   69   67
   64   61   57   50   44   39   35   35   37   40   45   51   55   58   61   63
   66   68   71   76   82   88   93   96   98
    37.5-180.0 180.0   5.0 450.0                            LAT/LON1/LON2/DLON/H
  100  102  104  106  107  107  106  104  101   99   96   93   88   83   77   70
   62   59   59   64   70   78   84   89   94   98  101  101   96   89   81   74
   71   70   71   72   74   76   80   84   87   88   86   82   78   74   71   69
   67   64   59   54   48   43   39   38   40   45   51   57   61   65   67   67
   69   70   73   78   85   91   96   98  100
    35.0-180.0 180.0   5.0 450.0                            LAT/LON1/LON2/DLON/H
  102  102  103  105  106  106  105  105  104  103  101   98   94   89   83   76
   69   64   66   71   80   87   93   97  100  102  103  102   97   89   81   75
   72   72   72   73   74   76   79   83   85   86   84   81   77   74   71   70
   68   65   61   56   50   45   41   41   43   48   55   62   67   70   72   73
   74   75   77   82   88   95  100  101  102
    32.5-180.0 180.0   5.0 450.0                            LAT/LON1/LON2/DLON/H
  106  105  105  105  106  106  105  105  105  105  103  101   98   95   90   83
   75   71   73   78   86   92   97   99  100  100  100   97   93   85   79   74
   73   73   74   74   74   75   78   81   84   84   82   79   75   73   71   69
   67   64   60   56   51   46   43   42   45   50   57   65   71   76   78   80
   81   82   84   89   95  102  106  107  106
    30.0-180.0 180.0   5.0 450.0                            LAT/LON1/LON2/DLON/H
  114  112  112  111  110  109  107  106  105  105  103  102  100   99   96   90
   82   78   79   84   89   93   95   96   95   93   91   89   85   80   76   73
   73   74   75   74   74   74   76   80   82   82   80   76   73   71   69   66
   63   60   57   54   50   46   43   42   45   50   59   67   74   80   85   89
   91   93   95   99  106  114  118  117  114
    27.5-180.0 180.0   5.0 450.0                            LAT/LON1/LON2/DLON/H
  130  126  126  125  122  119  115  111  108  105  102  101  101  102  101   95
   88   84   84   87   89   90   90   88   86   83   81   79   77   75   73   73
   74   76   76   75   73   73   75   78   80   79   76   72   70   67   64   61
   58   54   52   50   47   44   42   41   44   50   58   68   76   84   91   98
  103  106  109  115  122  130  135  133  130
    25.0-180.0 180.0   5.0 450.0                            LAT/LON1/LON2/DLON/H
  151  149  150  149  144  137  130  122  115  108  103  100  101  104  103   99
   93   89   87   88   87   85   82   79   76   73   72   71   71   71   72   73
   75   77   77   75   72   71   72   75   76   75   71   67   65   62   59   55
   51   48   46   45   44   42   40   39   42   49   58   68   77   87   97  107
  115  121  125  132  140  150  155  155  151
    22.5-180.0 180.0   5.0 450.0                            LAT/LON1/LON2/DLON/H
  175  178  182  182  175  164  153  142  129  117  107  102  101  105  105  102
   97   92   89   87   84   78   74   71   69   67   66   67   69   70   73   75
   77   77   75   73   70   68   69   71   71   68   64   61   59   57   53   49
   44   42   41   40   41   39   37   38   42   50   59   70   80   91  104  117
  128  136  142  149  159  169  175  176  175
    20.0-180.0 180.0   5.0 450.0                            LAT/LON1/LON2/DLON/H
  198  205  216  220  211  197  183  169  152  133  118  108  106  107  107  104
   98   94   90   86   80   73   69   68   68   67   67   68   71   74   76   78
   78   76   74   69   66   64   64   65   64   61   56   53   52   51   47   42
   37   35   36   36   37   36   35   37   43   51   62   72   83   96  111  127
  140  150  157  165  174  185  192  195  198
    17.5-180.0 180.0   5.0 450.0                            LAT/LON1/LON2/DLON/H
  213  227  244  253  246  231  216  201  181  157  136  121  115  114  111  106
  100   95   90   84   77   71   69   70   72   73   73   74   77   80   81   81
   79   75   70   65   62   59   58   59   57   54   49   46   45   44   42   37
   33   31   32   33   34   33   33   37   44   54   65   76   88  102  117  136
  151  162  169  176  184  194  202  207  213
    15.0-180.0 180.0   5.0 450.0                            LAT/LON1/LON2/DLON/H
  218  237  261  275  270  258  246  233  213  187  161  141  131  125  119  111
  102   96   90   84   77   72   73   77   81   83   83   84   85   87   88   85
   80   74   67   62   58   55   54   54   52   48   43   40   40   40   37   33
   30   29   30   31   31   31   32   38   47   59   70   81   93  107  125  144
  160  171  178  183  189  196  203  208  218
    12.5-180.0 180.0   5.0 450.0                            LAT/LON1/LON2/DLON/H
  211  233  263  280  280  272  266  260  243  217  188  165  151  142  131  118
  107   99   92   85   79   77   81   89   95   96   94   94   94   94   93   89
   81   73   65   60   56   53   52   51   50   45   39   36   36   36   34   32
   30   29   29   29   29   29   31   39   51   64   75   85   98  112  131  150
  167  178  182  185  188  192  196  200  211
    10.0-180.0 180.0   5.0 450.0                            LAT/LON1/LON2/DLON/H
  196  219  248  268  273  272  275  276  264  241  213  190  174  162  147  129
  114  103   94   87   84   85   92  102  109  109  106  103  102  100   97   92
   83   74   65   60   57   55   53   52   49   45   39   35   34   34   34   33
   31   30   29   29   28   28   32   42   55   69   79   89  102  117  135  154
  170  180  184  184  185  186  186  187  196
     7.5-180.0 180.0   5.0 450.0                            LAT/LON1/LON2/DLON/H
  183  201  225  245  253  259  269  278  274  256  233  211  196  182  165  143
  123  109   99   93   91   95  105  115  121  121  115  110  107  105  102   96
   86   76   67   63   60   59   57   55   52   47   42   37   35   35   36   35
   34   32   31   30   28   28   33   45   60   73   82   92  104  119  138  156
  171  179  183  182  182  180  177  176  183
     5.0-180.0 180.0   5.0 450.0                            LAT/LON1/LON2/DLON/H
  174  187  206  221  231  241  257  271  272  261  243  227  214  201  182  157
  134  118  106  100  100  107  118  128  133  130  122  116  112  109  106  100
   91   80   73   69   66   64   62   60   56   51   45   39   37   36   38   38
   38   35   32   30   28   28   35   48   63   76   85   93  105  121  138  156
  169  176  179  180  181  180  176  171  174
     2.5-180.0 180.0   5.0 450.0                            LAT/LON1/LON2/DLON/H
  177  184  196  206  215  227  245  260  264  258  246  234  226  215  197  171
  146  127  115  109  110  117  128  137  139  134  127  120  115  111  108  103
   95   86   79   75   73   70   67   63   59   54   48   42   39   39   41   42
   42   38   34   30   28   29   37   50   65   76   85   93  105  121  138  154
  165  171  176  179  182  184  181  177  177
