src/SBPT/SERVUS/IGP/SCN/EGNOS-SIS-GEO123-JAN19/INP/ION/igsg0140.19i
     1.0            IONOSPHERE MAPS     MIX                 IONEX VERSION / TYPE
cmpcmb v1.2          GRL/UWM             1-feb-19 09:08     PGM / RUN BY / DATE 
ionex file containing IGS COMBINED Ionosphere maps          COMMENT             
global ionosphere maps for day 014, 2019                    DESCRIPTION         
IONEX file containing the COMBINED IGS TEC MAPS and DCBs    DESCRIPTION         
      IONEX files of the following IAACs were combined: cod DESCRIPTION         
                                                        jpl DESCRIPTION         
Contact address: Andrzej Krankowski                         DESCRIPTION
                 Geodynamics Research Laboratory            DESCRIPTION
                 University of Warmia and Mazury (GRL/UWM)  DESCRIPTION
                 Oczapowski St. 1                           DESCRIPTION
                 10-957-Olsztyn, POLAND                     DESCRIPTION
                 e-mail:  kand@uwm.edu.pl                   DESCRIPTION
                                                            DESCRIPTION         
  2019     1    14     0     0     0                        EPOCH OF FIRST MAP  
  2019     1    15     0     0     0                        EPOCH OF LAST MAP   
  7200                                                      INTERVAL            
    13                                                      # OF MAPS IN FILE   
  COSZ                                                      MAPPING FUNCTION    
     0.0                                                    ELEVATION CUTOFF    
combined TEC calculated as weighted mean of input TEC valuesOBSERVABLES USED    
   322                                                      # OF STATIONS       
    32                                                      # OF SATELLITES     
  6371.0                                                    BASE RADIUS         
     2                                                      MAP DIMENSION       
   450.0 450.0   0.0                                        HGT1 / HGT2 / DHGT  
    87.5 -87.5  -2.5                                        LAT1 / LAT2 / DLAT  
  -180.0 180.0   5.0                                        LON1 / LON2 / DLON  
    -1                                                      EXPONENT            
TEC values in 0.1 tec units;  9999, if no value available   COMMENT             
DCB values in nanoseconds, reference is Sum_of_SatDCBs = 0  COMMENT             
                                                            END OF HEADER       
[from data line 2574]
     7                                                      START OF TEC MAP    
  2019     1    14    12     0     0                        EPOCH OF CURRENT MAP
    87.5-180.0 180.0   5.0 450.0                            LAT/LON1/LON2/DLON/H
   33   32   32   31   31   30   30   30   29   28   28   28   27   27   26   26
   26   26   26   25   25   25   25   25   25   26   26   26   26   26   26   26
   26   27   27   27   27   28   28   29   29   29   29   30   30   31   32   32
   33   33   33   34   34   34   35   35   35   36   36   36   36   36   36   36
   36   35   35   35   34   34   34   33   33
    85.0-180.0 180.0   5.0 450.0                            LAT/LON1/LON2/DLON/H
   34   33   32   31   30   29   28   27   26   25   25   24   24   23   22   22
   21   21   21   21   21   21   21   21   21   21   21   21   22   22   22   23
   23   23   24   24   24   25   26   26   26   27   28   28   28   29   30   31
   32   33   34   35   36   36   37   38   39   39   40   40   40   40   40   40
   40   39   39   38   38   37   36   35   34
    82.5-180.0 180.0   5.0 450.0                            LAT/LON1/LON2/DLON/H
   33   32   31   30   29   27   27   25   24   24   23   22   21   20   20   19
   19   18   18   18   18   17   17   18   18   18   18   19   19   20   20   21
   21   22   22   23   23   24   24   24   24   25   25   25   26   26   27   28
   29   30   31   33   35   36   37   38   39   40   41   42   42   42   42   42
   42   41   40   39   38   37   36   35   33
    80.0-180.0 180.0   5.0 450.0                            LAT/LON1/LON2/DLON/H
   33   32   31   29   28   27   26   24   24   22   22   21   20   19   19   19
   18   17   17   17   16   16   16   16   16   16   17   18   18   19   20   21
   21   22   22   23   24   24   23   24   23   23   23   23   23   24   24   25
   26   27   29   30   32   33   35   37   38   39   40   41   41   41   41   41
   41   40   39   39   37   36   35   34   33
    77.5-180.0 180.0   5.0 450.0                            LAT/LON1/LON2/DLON/H
   31   30   29   28   27   26   25   24   23   22   21   21   21   20   19   20
   19   19   19   18   18   18   17   17   17   16   17   18   18   20   20   21
   23   24   24   25   25   25   25   24   24   23   23   22   22   22   22   22
   23   24   25   26   28   30   31   33   34   35   36   37   37   37   37   38
   37   37   36   36   35   34   33   32   31
    75.0-180.0 180.0   5.0 450.0                            LAT/LON1/LON2/DLON/H
   30   29   28   28   27   25   24   24   23   22   21   21   21   21   22   22
   22   23   23   22   22   21   20   19   18   18   19   19   20   21   22   23
   25   26   27   27   27   27   26   26   25   24   23   23   22   22   22   21
   21   22   22   23   24   25   26   27   28   29   30   30   31   31   31   31
   32   32   32   31   31   31   31   30   30
    72.5-180.0 180.0   5.0 450.0                            LAT/LON1/LON2/DLON/H
   28   27   27   26   26   25   24   23   22   22   22   22   22   24   25   25
   27   27   27   27   26   25   23   22   21   21   21   21   22   23   24   26
   28   29   30   30   31   30   29   29   28   27   26   25   25   24   23   22
   22   21   21   21   21   21   22   22   23   23   23   24   24   24   25   25
   25   26   27   27   27   28   28   28   28
    70.0-180.0 180.0   5.0 450.0                            LAT/LON1/LON2/DLON/H
   26   26   26   26   26   25   24   23   22   22   22   22   23   25   27   28
   30   31   31   31   30   28   27   25   24   23   23   24   24   26   27   30
   31   33   34   35   34   34   33   32   31   30   29   29   28   28   27   26
   24   23   22   20   19   19   18   17   17   17   17   18   18   18   19   20
   20   22   23   24   24   26   26   26   26
    67.5-180.0 180.0   5.0 450.0                            LAT/LON1/LON2/DLON/H
   27   27   27   26   26   25   24   23   22   21   21   22   23   25   27   29
   31   33   33   33   32   30   28   27   25   25   24   25   27   29   31   34
   35   37   39   39   39   38   37   36   35   35   34   34   34   33   32   30
   28   26   23   21   19   17   16   15   15   14   14   14   14   15   16   17
   18   20   21   23   24   25   26   26   27
    65.0-180.0 180.0   5.0 450.0                            LAT/LON1/LON2/DLON/H
   28   28   27   27   27   25   24   23   22   21   20   21   22   24   26   29
   31   33   33   33   32   30   28   26   25   25   26   28   30   32   35   37
   40   42   44   44   44   44   43   42   40   40   40   40   40   39   38   36
   33   30   26   23   20   17   15   14   14   13   13   14   14   15   15   17
   18   20   22   24   26   27   28   28   28
    62.5-180.0 180.0   5.0 450.0                            LAT/LON1/LON2/DLON/H
   31   30   30   29   28   27   26   24   22   21   20   19   20   22   25   28
   31   32   32   31   29   27   26   25   24   25   27   30   33   36   39   42
   45   48   49   50   50   49   49   48   46   46   47   47   46   45   43   41
   38   34   29   25   22   19   16   15   15   15   15   15   16   17   18   19
   21   23   25   28   30   31   32   32   31
    60.0-180.0 180.0   5.0 450.0                            LAT/LON1/LON2/DLON/H
   36   35   33   32   31   29   28   26   24   21   20   19   19   21   23   26
   28   29   29   27   25   24   22   22   23   26   29   33   37   41   44   48
   51   54   55   56   56   56   55   55   54   54   53   53   52   51   48   45
   42   38   33   28   24   21   19   17   17   17   19   19   20   21   22   23
   25   28   31   33   35   37   37   37   36
    57.5-180.0 180.0   5.0 450.0                            LAT/LON1/LON2/DLON/H
   41   40   38   36   34   33   30   29   26   23   21   19   19   20   22   25
   26   27   25   23   22   20   20   21   24   28   33   37   42   47   51   54
   57   60   62   62   62   63   63   63   63   62   62   60   58   56   53   49
   45   42   37   32   28   24   22   21   21   22   23   24   24   25   26   28
   29   32   35   39   41   43   43   43   41
    55.0-180.0 180.0   5.0 450.0                            LAT/LON1/LON2/DLON/H
   47   45   43   42   39   38   35   32   30   27   24   21   21   21   22   24
   25   25   23   21   19   19   19   22   27   32   38   44   50   54   59   62
   64   66   68   68   69   70   70   71   72   71   70   68   65   61   57   54
   49   46   41   36   33   29   27   26   26   26   27   28   29   29   30   31
   34   36   40   43   46   48   48   48   47
    52.5-180.0 180.0   5.0 450.0                            LAT/LON1/LON2/DLON/H
   51   50   49   47   45   43   41   38   34   31   28   25   24   24   24   25
   25   24   22   20   19   20   22   26   32   39   46   53   59   63   67   70
   73   74   74   74   74   75   78   80   81   81   79   75   71   67   63   58
   54   51   47   42   38   35   33   32   31   31   32   32   32   32   33   34
   36   39   42   46   49   51   51   51   51
    50.0-180.0 180.0   5.0 450.0                            LAT/LON1/LON2/DLON/H
   53   53   53   52   51   49   47   43   40   37   34   31   29   27   27   27
   27   25   23   22   22   24   27   32   39   47   55   62   68   73   76   78
   80   80   79   79   79   81   84   88   90   90   88   84   78   74   69   65
   61   57   53   49   45   41   39   37   37   37   36   36   35   35   36   37
   39   41   44   48   50   51   53   53   53
    47.5-180.0 180.0   5.0 450.0                            LAT/LON1/LON2/DLON/H
   54   56   56   57   56   54   52   49   46   43   41   38   35   33   31   31
   30   28   27   26   27   30   35   42   49   57   64   70   76   81   84   86
   87   85   84   83   83   85   90   94   98   98   95   92   86   81   76   72
   68   64   60   56   52   48   45   44   42   41   40   39   39   39   39   40
   41   43   45   48   50   51   52   53   54
    45.0-180.0 180.0   5.0 450.0                            LAT/LON1/LON2/DLON/H
   54   56   58   59   59   58   56   53   51   49   47   45   42   39   37   36
   34   34   33   33   35   39   46   53   60   66   72   78   84   88   91   92
   93   91   89   88   88   91   95  101  104  104  102   98   94   89   85   80
   76   72   68   63   58   54   52   50   48   47   46   44   43   42   43   43
   44   45   47   49   50   51   51   52   54
    42.5-180.0 180.0   5.0 450.0                            LAT/LON1/LON2/DLON/H
   53   55   58   60   61   60   58   56   54   54   53   51   49   46   44   42
   41   40   40   42   45   51   57   64   69   74   78   84   89   93   96   97
   97   96   94   94   94   97  102  107  110  110  108  105  101   97   92   88
   83   79   74   68   63   58   56   54   54   52   51   50   48   48   47   47
   48   48   49   50   50   50   50   51   53
    40.0-180.0 180.0   5.0 450.0                            LAT/LON1/LON2/DLON/H
   52   54   57   60   61   60   58   56   56   57   57   57   55   53   50   48
   47   47   48   51   55   61   68   73   77   80   82   87   92   97  100  102
  103  103  102  102  103  106  110  114  116  116  113  111  107  104  100   95
   90   85   79   73   66   61   59   58   58   58   57   56   54   53   53   53
   52   51   51   51   51   50   50   50   52
    37.5-180.0 180.0   5.0 450.0                            LAT/LON1/LON2/DLON/H
   51   53   55   58   59   58   56   55   55   57   60   61   61   59   56   54
   53   53   56   59   64   70   77   82   83   84   86   90   94   99  103  107
  109  111  112  113  115  117  120  122  123  122  119  116  113  110  105  101
   96   90   83   76   69   63   61   61   62   63   63   62   60   60   59   58
   56   54   54   53   52   51   50   50   51
    35.0-180.0 180.0   5.0 450.0                            LAT/LON1/LON2/DLON/H
   50   51   53   55   56   56   53   52   53   57   61   64   65   64   62   59
   58   59   61   66   71   78   84   87   88   87   88   91   96  102  107  112
  117  121  124  127  129  131  132  132  131  129  127  123  119  115  111  106
  100   95   88   79   71   66   64   65   66   68   68   67   65   65   64   62
   59   57   56   55   54   53   51   50   50
    32.5-180.0 180.0   5.0 450.0                            LAT/LON1/LON2/DLON/H
   49   49   50   52   53   52   51   50   51   55   60   65   67   67   66   64
   62   62   65   70   76   83   88   91   90   88   89   93   98  104  111  118
  127  133  138  142  145  146  146  144  141  139  135  131  126  121  117  112
  106  100   92   85   77   71   68   68   69   71   71   71   69   68   67   65
   62   59   57   56   55   54   52   50   49
    30.0-180.0 180.0   5.0 450.0                            LAT/LON1/LON2/DLON/H
   48   48   48   50   50   49   48   47   49   53   59   64   68   69   69   66
   64   64   66   71   78   84   89   91   90   89   90   95  101  108  117  127
  139  148  155  159  161  160  159  156  152  149  145  140  134  128  124  119
  114  108  102   94   86   80   75   73   73   74   74   73   71   69   68   66
   63   60   59   57   56   55   52   50   48
    27.5-180.0 180.0   5.0 450.0                            LAT/LON1/LON2/DLON/H
   47   46   46   48   48   48   46   46   47   51   57   63   67   69   68   66
   64   63   65   70   78   84   88   90   89   89   91   98  105  114  124  138
  153  165  172  175  175  173  170  166  162  159  156  150  144  138  134  129
  125  119  114  108   99   92   85   80   77   76   75   73   72   69   68   66
   63   61   59   58   57   55   52   49   47
    25.0-180.0 180.0   5.0 450.0                            LAT/LON1/LON2/DLON/H
   46   45   45   46   47   47   46   45   47   50   55   60   64   66   66   63
   61   61   63   68   76   82   86   89   88   89   93  101  111  121  134  152
  169  182  188  189  186  183  178  174  171  169  166  161  155  150  147  143
  138  133  129  124  116  106   96   87   81   77   75   73   70   69   67   66
   63   61   59   58   57   54   52   48   46
    22.5-180.0 180.0   5.0 450.0                            LAT/LON1/LON2/DLON/H
   46   45   45   46   47   47   47   46   47   49   52   56   59   61   61   59
   58   58   61   66   73   80   85   87   88   90   95  105  117  130  146  166
  185  198  202  199  193  188  183  179  177  176  175  172  168  164  161  158
  153  149  145  141  133  123  109   96   85   79   75   72   69   67   66   65
   63   62   60   59   57   53   51   48   46
    20.0-180.0 180.0   5.0 450.0                            LAT/LON1/LON2/DLON/H
   46   44   45   46   47   48   48   48   48   48   49   52   54   55   55   55
   55   56   59   64   71   78   84   88   90   92   98  109  122  139  158  180
  199  211  212  205  196  188  184  181  181  182  184  183  181  178  176  173
  168  164  162  158  151  138  122  105   90   80   75   71   68   66   65   64
   63   63   62   60   57   53   49   47   46
    17.5-180.0 180.0   5.0 450.0                            LAT/LON1/LON2/DLON/H
   45   45   45   46   47   49   50   49   49   48   47   48   49   49   49   49
   51   53   58   63   70   77   84   89   92   95  102  112  128  146  167  190
  209  218  216  206  195  186  181  181  183  187  191  193  193  191  189  185
  181  178  175  172  165  152  134  114   95   83   76   72   69   66   64   64
   64   63   63   61   58   54   49   47   45
    15.0-180.0 180.0   5.0 450.0                            LAT/LON1/LON2/DLON/H
   46   44   44   45   47   49   50   50   49   47   45   44   44   44   44   45
   48   52   57   64   70   78   85   91   96   99  105  116  133  153  174  195
  212  220  215  203  191  182  179  181  185  192  199  202  204  203  200  196
  190  187  185  182  174  161  144  122  101   87   79   74   70   67   65   64
   64   65   65   63   60   55   51   48   46
    12.5-180.0 180.0   5.0 450.0                            LAT/LON1/LON2/DLON/H
   47   44   43   43   45   48   50   50   48   46   44   42   41   40   40   42
   46   52   58   65   72   79   86   94   99  103  109  120  137  157  177  196
  210  215  211  199  188  181  180  183  189  197  205  211  213  211  207  201
  197  193  191  187  179  168  150  129  107   92   83   77   73   69   66   64
   64   66   67   65   62   57   52   49   47
    10.0-180.0 180.0   5.0 450.0                            LAT/LON1/LON2/DLON/H
   47   44   41   40   43   46   48   48   46   44   42   40   39   38   38   40
   44   51   58   66   74   81   88   96  102  106  113  123  140  158  176  191
  203  208  205  196  188  183  184  189  196  204  213  218  220  217  212  204
  199  195  193  187  180  170  155  135  115   99   88   82   76   72   68   65
   65   66   68   67   64   60   55   51   47
     7.5-180.0 180.0   5.0 450.0                            LAT/LON1/LON2/DLON/H
   48   43   38   37   39   41   43   43   42   40   39   38   37   36   36   38
   43   51   59   67   76   83   90   97  104  109  115  127  141  158  173  185
  195  200  200  196  192  192  194  199  205  212  219  224  225  221  214  206
  200  196  192  186  178  169  157  141  123  108   95   87   81   75   70   66
   65   66   68   69   67   63   58   52   48
     5.0-180.0 180.0   5.0 450.0                            LAT/LON1/LON2/DLON/H
   48   42   37   35   35   36   38   38   37   36   36   35   35   35   35   37
   42   49   58   69   78   85   91   98  105  110  118  129  143  157  168  178
  187  193  197  199  201  204  208  211  214  219  224  227  226  221  213  206
  201  197  192  184  176  168  159  146  131  116  102   92   85   78   72   67
   65   66   69   70   68   65   60   54   48
     2.5-180.0 180.0   5.0 450.0                            LAT/LON1/LON2/DLON/H
   49   42   36   33   33   33   34   33   32   32   32   33   33   33   34   35
   39   47   57   69   79   87   92   98  104  112  120  131  144  155  165  173
  181  191  199  206  213  218  221  223  222  224  226  227  225  219  212  206
  203  199  193  184  176  169  161  151  138  123  107   96   88   81   75   68
   66   66   69   71   70   67   62   55   49
